0.000000
0.000000
0.000000
0.000000
0.000000
0.100100
0.100100
0.100100
0.100100
0.100100
0.200200
0.200200
0.200200
0.200200
0.200200
0.300300
0.300300
0.300300
0.300300
0.300300
0.400400
0.400400
0.400400
0.400400
0.400400
0.500501
0.500501
0.500501
0.500501
0.500501
0.600601
0.600601
0.600601
0.600601
0.600601
0.700701
0.700701
0.700701
0.700701
0.700701
0.800801
0.800801
0.800801
0.800801
0.800801
0.900901
0.900901
0.900901
0.900901
0.900901
1.001001
1.001001
1.001001
1.001001
1.001001
1.101101
1.101101
1.101101
1.101101
1.101101
1.201201
1.201201
1.201201
1.201201
1.201201
1.301301
1.301301
1.301301
1.301301
1.301301
1.401401
1.401401
1.401401
1.401401
1.401401
1.501502
1.501502
1.501502
1.501502
1.501502
1.601602
1.601602
1.601602
1.601602
1.601602
1.701702
1.701702
1.701702
1.701702
1.701702
1.801802
1.801802
1.801802
1.801802
1.801802
1.901902
1.901902
1.901902
1.901902
1.901902
2.002002
2.002002
2.002002
2.002002
2.002002
2.102102
2.102102
2.102102
2.102102
2.102102
2.202202
2.202202
2.202202
2.202202
2.202202
2.302302
2.302302
2.302302
2.302302
2.302302
2.402402
2.402402
2.402402
2.402402
2.402402
2.502503
2.502503
2.502503
2.502503
2.502503
2.602603
2.602603
2.602603
2.602603
2.602603
2.702703
2.702703
2.702703
2.702703
2.702703
2.802803
2.802803
2.802803
2.802803
2.802803
2.902903
2.902903
2.902903
2.902903
2.902903
3.003003
3.003003
3.003003
3.003003
3.003003
3.103103
3.103103
3.103103
3.103103
3.103103
3.203203
3.203203
3.203203
3.203203
3.203203
3.303303
3.303303
3.303303
3.303303
3.303303
3.403403
3.403403
3.403403
3.403403
3.403403
3.503504
3.503504
3.503504
3.503504
3.503504
3.603604
3.603604
3.603604
3.603604
3.603604
3.703704
3.703704
3.703704
3.703704
3.703704
3.803804
3.803804
3.803804
3.803804
3.803804
3.903904
3.903904
3.903904
3.903904
3.903904
4.004004
4.004004
4.004004
4.004004
4.004004
4.104104
4.104104
4.104104
4.104104
4.104104
4.204204
4.204204
4.204204
4.204204
4.204204
4.304304
4.304304
4.304304
4.304304
4.304304
4.404404
4.404404
4.404404
4.404404
4.404404
4.504505
4.504505
4.504505
4.504505
4.504505
4.604605
4.604605
4.604605
4.604605
4.604605
4.704705
4.704705
4.704705
4.704705
4.704705
4.804805
4.804805
4.804805
4.804805
4.804805
4.904905
4.904905
4.904905
4.904905
4.904905
5.005005
5.005005
5.005005
5.005005
5.005005
5.105105
5.105105
5.105105
5.105105
5.105105
5.205205
5.205205
5.205205
5.205205
5.205205
5.305305
5.305305
5.305305
5.305305
5.305305
5.405405
5.405405
5.405405
5.405405
5.405405
5.505506
5.505506
5.505506
5.505506
5.505506
5.605606
5.605606
5.605606
5.605606
5.605606
5.705706
5.705706
5.705706
5.705706
5.705706
5.805806
5.805806
5.805806
5.805806
5.805806
5.905906
5.905906
5.905906
5.905906
5.905906
6.006006
6.006006
6.006006
6.006006
6.006006
6.106106
6.106106
6.106106
6.106106
6.106106
6.206206
6.206206
6.206206
6.206206
6.206206
6.306306
6.306306
6.306306
6.306306
6.306306
6.406406
6.406406
6.406406
6.406406
6.406406
6.506507
6.506507
6.506507
6.506507
6.506507
6.606607
6.606607
6.606607
6.606607
6.606607
6.706707
6.706707
6.706707
6.706707
6.706707
6.806807
6.806807
6.806807
6.806807
6.806807
6.906907
6.906907
6.906907
6.906907
6.906907
7.007007
7.007007
7.007007
7.007007
7.007007
7.107107
7.107107
7.107107
7.107107
7.107107
7.207207
7.207207
7.207207
7.207207
7.207207
7.307307
7.307307
7.307307
7.307307
7.307307
7.407407
7.407407
7.407407
7.407407
7.407407
7.507508
7.507508
7.507508
7.507508
7.507508
7.607608
7.607608
7.607608
7.607608
7.607608
7.707708
7.707708
7.707708
7.707708
7.707708
7.807808
7.807808
7.807808
7.807808
7.807808
7.907908
7.907908
7.907908
7.907908
7.907908
8.008008
8.008008
8.008008
8.008008
8.008008
8.108108
8.108108
8.108108
8.108108
8.108108
8.208208
8.208208
8.208208
8.208208
8.208208
8.308308
8.308308
8.308308
8.308308
8.308308
8.408408
8.408408
8.408408
8.408408
8.408408
8.508509
8.508509
8.508509
8.508509
8.508509
8.608609
8.608609
8.608609
8.608609
8.608609
8.708709
8.708709
8.708709
8.708709
8.708709
8.808809
8.808809
8.808809
8.808809
8.808809
8.908909
8.908909
8.908909
8.908909
8.908909
9.009009
9.009009
9.009009
9.009009
9.009009
9.109109
9.109109
9.109109
9.109109
9.109109
9.209209
9.209209
9.209209
9.209209
9.209209
9.309309
9.309309
9.309309
9.309309
9.309309
9.409409
9.409409
9.409409
9.409409
9.409409
9.509510
9.509510
9.509510
9.509510
9.509510
9.609610
9.609610
9.609610
9.609610
9.609610
9.709710
9.709710
9.709710
9.709710
9.709710
9.809810
9.809810
9.809810
9.809810
9.809810
9.909910
9.909910
9.909910
9.909910
9.909910
10.010010
10.010010
10.010010
10.010010
10.010010
10.110110
10.110110
10.110110
10.110110
10.110110
10.210210
10.210210
10.210210
10.210210
10.210210
10.310310
10.310310
10.310310
10.310310
10.310310
10.410410
10.410410
10.410410
10.410410
10.410410
10.510511
10.510511
10.510511
10.510511
10.510511
10.610611
10.610611
10.610611
10.610611
10.610611
10.710711
10.710711
10.710711
10.710711
10.710711
10.810811
10.810811
10.810811
10.810811
10.810811
10.910911
10.910911
10.910911
10.910911
10.910911
11.011011
11.011011
11.011011
11.011011
11.011011
11.111111
11.111111
11.111111
11.111111
11.111111
11.211211
11.211211
11.211211
11.211211
11.211211
11.311311
11.311311
11.311311
11.311311
11.311311
11.411411
11.411411
11.411411
11.411411
11.411411
11.511512
11.511512
11.511512
11.511512
11.511512
11.611612
11.611612
11.611612
11.611612
11.611612
11.711712
11.711712
11.711712
11.711712
11.711712
11.811812
11.811812
11.811812
11.811812
11.811812
11.911912
11.911912
11.911912
11.911912
11.911912
12.012012
12.012012
12.012012
12.012012
12.012012
12.112112
12.112112
12.112112
12.112112
12.112112
12.212212
12.212212
12.212212
12.212212
12.212212
12.312312
12.312312
12.312312
12.312312
12.312312
12.412412
12.412412
12.412412
12.412412
12.412412
12.512513
12.512513
12.512513
12.512513
12.512513
12.612613
12.612613
12.612613
12.612613
12.612613
12.712713
12.712713
12.712713
12.712713
12.712713
12.812813
12.812813
12.812813
12.812813
12.812813
12.912913
12.912913
12.912913
12.912913
12.912913
13.013013
13.013013
13.013013
13.013013
13.013013
13.113113
13.113113
13.113113
13.113113
13.113113
13.213213
13.213213
13.213213
13.213213
13.213213
13.313313
13.313313
13.313313
13.313313
13.313313
13.413413
13.413413
13.413413
13.413413
13.413413
13.513514
13.513514
13.513514
13.513514
13.513514
13.613614
13.613614
13.613614
13.613614
13.613614
13.713714
13.713714
13.713714
13.713714
13.713714
13.813814
13.813814
13.813814
13.813814
13.813814
13.913914
13.913914
13.913914
13.913914
13.913914
14.014014
14.014014
14.014014
14.014014
14.014014
14.114114
14.114114
14.114114
14.114114
14.114114
14.214214
14.214214
14.214214
14.214214
14.214214
14.314314
14.314314
14.314314
14.314314
14.314314
14.414414
14.414414
14.414414
14.414414
14.414414
14.514515
14.514515
14.514515
14.514515
14.514515
14.614615
14.614615
14.614615
14.614615
14.614615
14.714715
14.714715
14.714715
14.714715
14.714715
14.814815
14.814815
14.814815
14.814815
14.814815
14.914915
14.914915
14.914915
14.914915
14.914915
15.015015
15.015015
15.015015
15.015015
15.015015
15.115115
15.115115
15.115115
15.115115
15.115115
15.215215
15.215215
15.215215
15.215215
15.215215
15.315315
15.315315
15.315315
15.315315
15.315315
15.415415
15.415415
15.415415
15.415415
15.415415
15.515516
15.515516
15.515516
15.515516
15.515516
15.615616
15.615616
15.615616
15.615616
15.615616
15.715716
15.715716
15.715716
15.715716
15.715716
15.815816
15.815816
15.815816
15.815816
15.815816
15.915916
15.915916
15.915916
15.915916
15.915916
16.016016
16.016016
16.016016
16.016016
16.016016
16.116116
16.116116
16.116116
16.116116
16.116116
16.216216
16.216216
16.216216
16.216216
16.216216
16.316316
16.316316
16.316316
16.316316
16.316316
16.416416
16.416416
16.416416
16.416416
16.416416
16.516517
16.516517
16.516517
16.516517
16.516517
16.616617
16.616617
16.616617
16.616617
16.616617
16.716717
16.716717
16.716717
16.716717
16.716717
16.816817
16.816817
16.816817
16.816817
16.816817
16.916917
16.916917
16.916917
16.916917
16.916917
17.017017
17.017017
17.017017
17.017017
17.017017
17.117117
17.117117
17.117117
17.117117
17.117117
17.217217
17.217217
17.217217
17.217217
17.217217
17.317317
17.317317
17.317317
17.317317
17.317317
17.417417
17.417417
17.417417
17.417417
17.417417
17.517518
17.517518
17.517518
17.517518
17.517518
17.617618
17.617618
17.617618
17.617618
17.617618
17.717718
17.717718
17.717718
17.717718
17.717718
17.817818
17.817818
17.817818
17.817818
17.817818
17.917918
17.917918
17.917918
17.917918
17.917918
18.018018
18.018018
18.018018
18.018018
18.018018
18.118118
18.118118
18.118118
18.118118
18.118118
18.218218
18.218218
18.218218
18.218218
18.218218
18.318318
18.318318
18.318318
18.318318
18.318318
18.418418
18.418418
18.418418
18.418418
18.418418
18.518519
18.518519
18.518519
18.518519
18.518519
18.618619
18.618619
18.618619
18.618619
18.618619
18.718719
18.718719
18.718719
18.718719
18.718719
18.818819
18.818819
18.818819
18.818819
18.818819
18.918919
18.918919
18.918919
18.918919
18.918919
19.019019
19.019019
19.019019
19.019019
19.019019
19.119119
19.119119
19.119119
19.119119
19.119119
19.219219
19.219219
19.219219
19.219219
19.219219
19.319319
19.319319
19.319319
19.319319
19.319319
19.419419
19.419419
19.419419
19.419419
19.419419
19.519520
19.519520
19.519520
19.519520
19.519520
19.619620
19.619620
19.619620
19.619620
19.619620
19.719720
19.719720
19.719720
19.719720
19.719720
19.819820
19.819820
19.819820
19.819820
19.819820
19.919920
19.919920
19.919920
19.919920
19.919920
20.020020
20.020020
20.020020
20.020020
20.020020
20.120120
20.120120
20.120120
20.120120
20.120120
20.220220
20.220220
20.220220
20.220220
20.220220
20.320320
20.320320
20.320320
20.320320
20.320320
20.420420
20.420420
20.420420
20.420420
20.420420
20.520521
20.520521
20.520521
20.520521
20.520521
20.620621
20.620621
20.620621
20.620621
20.620621
20.720721
20.720721
20.720721
20.720721
20.720721
20.820821
20.820821
20.820821
20.820821
20.820821
20.920921
20.920921
20.920921
20.920921
20.920921
21.021021
21.021021
21.021021
21.021021
21.021021
21.121121
21.121121
21.121121
21.121121
21.121121
21.221221
21.221221
21.221221
21.221221
21.221221
21.321321
21.321321
21.321321
21.321321
21.321321
21.421421
21.421421
21.421421
21.421421
21.421421
21.521522
21.521522
21.521522
21.521522
21.521522
21.621622
21.621622
21.621622
21.621622
21.621622
21.721722
21.721722
21.721722
21.721722
21.721722
21.821822
21.821822
21.821822
21.821822
21.821822
21.921922
21.921922
21.921922
21.921922
21.921922
22.022022
22.022022
22.022022
22.022022
22.022022
22.122122
22.122122
22.122122
22.122122
22.122122
22.222222
22.222222
22.222222
22.222222
22.222222
22.322322
22.322322
22.322322
22.322322
22.322322
22.422422
22.422422
22.422422
22.422422
22.422422
22.522523
22.522523
22.522523
22.522523
22.522523
22.622623
22.622623
22.622623
22.622623
22.622623
22.722723
22.722723
22.722723
22.722723
22.722723
22.822823
22.822823
22.822823
22.822823
22.822823
22.922923
22.922923
22.922923
22.922923
22.922923
23.023023
23.023023
23.023023
23.023023
23.023023
23.123123
23.123123
23.123123
23.123123
23.123123
23.223223
23.223223
23.223223
23.223223
23.223223
23.323323
23.323323
23.323323
23.323323
23.323323
23.423423
23.423423
23.423423
23.423423
23.423423
23.523524
23.523524
23.523524
23.523524
23.523524
23.623624
23.623624
23.623624
23.623624
23.623624
23.723724
23.723724
23.723724
23.723724
23.723724
23.823824
23.823824
23.823824
23.823824
23.823824
23.923924
23.923924
23.923924
23.923924
23.923924
24.024024
24.024024
24.024024
24.024024
24.024024
24.124124
24.124124
24.124124
24.124124
24.124124
24.224224
24.224224
24.224224
24.224224
24.224224
24.324324
24.324324
24.324324
24.324324
24.324324
24.424424
24.424424
24.424424
24.424424
24.424424
24.524525
24.524525
24.524525
24.524525
24.524525
24.624625
24.624625
24.624625
24.624625
24.624625
24.724725
24.724725
24.724725
24.724725
24.724725
24.824825
24.824825
24.824825
24.824825
24.824825
24.924925
24.924925
24.924925
24.924925
24.924925
25.025025
25.025025
25.025025
25.025025
25.025025
25.125125
25.125125
25.125125
25.125125
25.125125
25.225225
25.225225
25.225225
25.225225
25.225225
25.325325
25.325325
25.325325
25.325325
25.325325
25.425425
25.425425
25.425425
25.425425
25.425425
25.525526
25.525526
25.525526
25.525526
25.525526
25.625626
25.625626
25.625626
25.625626
25.625626
25.725726
25.725726
25.725726
25.725726
25.725726
25.825826
25.825826
25.825826
25.825826
25.825826
25.925926
25.925926
25.925926
25.925926
25.925926
26.026026
26.026026
26.026026
26.026026
26.026026
26.126126
26.126126
26.126126
26.126126
26.126126
26.226226
26.226226
26.226226
26.226226
26.226226
26.326326
26.326326
26.326326
26.326326
26.326326
26.426426
26.426426
26.426426
26.426426
26.426426
26.526527
26.526527
26.526527
26.526527
26.526527
26.626627
26.626627
26.626627
26.626627
26.626627
26.726727
26.726727
26.726727
26.726727
26.726727
26.826827
26.826827
26.826827
26.826827
26.826827
26.926927
26.926927
26.926927
26.926927
26.926927
27.027027
27.027027
27.027027
27.027027
27.027027
27.127127
27.127127
27.127127
27.127127
27.127127
27.227227
27.227227
27.227227
27.227227
27.227227
27.327327
27.327327
27.327327
27.327327
27.327327
27.427427
27.427427
27.427427
27.427427
27.427427
27.527528
27.527528
27.527528
27.527528
27.527528
27.627628
27.627628
27.627628
27.627628
27.627628
27.727728
27.727728
27.727728
27.727728
27.727728
27.827828
27.827828
27.827828
27.827828
27.827828
27.927928
27.927928
27.927928
27.927928
27.927928
28.028028
28.028028
28.028028
28.028028
28.028028
28.128128
28.128128
28.128128
28.128128
28.128128
28.228228
28.228228
28.228228
28.228228
28.228228
28.328328
28.328328
28.328328
28.328328
28.328328
28.428428
28.428428
28.428428
28.428428
28.428428
28.528529
28.528529
28.528529
28.528529
28.528529
28.628629
28.628629
28.628629
28.628629
28.628629
28.728729
28.728729
28.728729
28.728729
28.728729
28.828829
28.828829
28.828829
28.828829
28.828829
28.928929
28.928929
28.928929
28.928929
28.928929
29.029029
29.029029
29.029029
29.029029
29.029029
29.129129
29.129129
29.129129
29.129129
29.129129
29.229229
29.229229
29.229229
29.229229
29.229229
29.329329
29.329329
29.329329
29.329329
29.329329
29.429429
29.429429
29.429429
29.429429
29.429429
29.529530
29.529530
29.529530
29.529530
29.529530
29.629630
29.629630
29.629630
29.629630
29.629630
29.729730
29.729730
29.729730
29.729730
29.729730
29.829830
29.829830
29.829830
29.829830
29.829830
29.929930
29.929930
29.929930
29.929930
29.929930
30.030030
30.030030
30.030030
30.030030
30.030030
30.130130
30.130130
30.130130
30.130130
30.130130
30.230230
30.230230
30.230230
30.230230
30.230230
30.330330
30.330330
30.330330
30.330330
30.330330
30.430430
30.430430
30.430430
30.430430
30.430430
30.530531
30.530531
30.530531
30.530531
30.530531
30.630631
30.630631
30.630631
30.630631
30.630631
30.730731
30.730731
30.730731
30.730731
30.730731
30.830831
30.830831
30.830831
30.830831
30.830831
30.930931
30.930931
30.930931
30.930931
30.930931
31.031031
31.031031
31.031031
31.031031
31.031031
31.131131
31.131131
31.131131
31.131131
31.131131
31.231231
31.231231
31.231231
31.231231
31.231231
31.331331
31.331331
31.331331
31.331331
31.331331
31.431431
31.431431
31.431431
31.431431
31.431431
31.531532
31.531532
31.531532
31.531532
31.531532
31.631632
31.631632
31.631632
31.631632
31.631632
31.731732
31.731732
31.731732
31.731732
31.731732
31.831832
31.831832
31.831832
31.831832
31.831832
31.931932
31.931932
31.931932
31.931932
31.931932
32.032032
32.032032
32.032032
32.032032
32.032032
32.132132
32.132132
32.132132
32.132132
32.132132
32.232232
32.232232
32.232232
32.232232
32.232232
32.332332
32.332332
32.332332
32.332332
32.332332
32.432432
32.432432
32.432432
32.432432
32.432432
32.532533
32.532533
32.532533
32.532533
32.532533
32.632633
32.632633
32.632633
32.632633
32.632633
32.732733
32.732733
32.732733
32.732733
32.732733
32.832833
32.832833
32.832833
32.832833
32.832833
32.932933
32.932933
32.932933
32.932933
32.932933
33.033033
33.033033
33.033033
33.033033
33.033033
33.133133
33.133133
33.133133
33.133133
33.133133
33.233233
33.233233
33.233233
33.233233
33.233233
33.333333
33.333333
33.333333
33.333333
33.333333
33.433433
33.433433
33.433433
33.433433
33.433433
33.533534
33.533534
33.533534
33.533534
33.533534
33.633634
33.633634
33.633634
33.633634
33.633634
33.733734
33.733734
33.733734
33.733734
33.733734
33.833834
33.833834
33.833834
33.833834
33.833834
33.933934
33.933934
33.933934
33.933934
33.933934
34.034034
34.034034
34.034034
34.034034
34.034034
34.134134
34.134134
34.134134
34.134134
34.134134
34.234234
34.234234
34.234234
34.234234
34.234234
34.334334
34.334334
34.334334
34.334334
34.334334
34.434434
34.434434
34.434434
34.434434
34.434434
34.534535
34.534535
34.534535
34.534535
34.534535
34.634635
34.634635
34.634635
34.634635
34.634635
34.734735
34.734735
34.734735
34.734735
34.734735
34.834835
34.834835
34.834835
34.834835
34.834835
34.934935
34.934935
34.934935
34.934935
34.934935
35.035035
35.035035
35.035035
35.035035
35.035035
35.135135
35.135135
35.135135
35.135135
35.135135
35.235235
35.235235
35.235235
35.235235
35.235235
35.335335
35.335335
35.335335
35.335335
35.335335
35.435435
35.435435
35.435435
35.435435
35.435435
35.535536
35.535536
35.535536
35.535536
35.535536
35.635636
35.635636
35.635636
35.635636
35.635636
35.735736
35.735736
35.735736
35.735736
35.735736
35.835836
35.835836
35.835836
35.835836
35.835836
35.935936
35.935936
35.935936
35.935936
35.935936
36.036036
36.036036
36.036036
36.036036
36.036036
36.136136
36.136136
36.136136
36.136136
36.136136
36.236236
36.236236
36.236236
36.236236
36.236236
36.336336
36.336336
36.336336
36.336336
36.336336
36.436436
36.436436
36.436436
36.436436
36.436436
36.536537
36.536537
36.536537
36.536537
36.536537
36.636637
36.636637
36.636637
36.636637
36.636637
36.736737
36.736737
36.736737
36.736737
36.736737
36.836837
36.836837
36.836837
36.836837
36.836837
36.936937
36.936937
36.936937
36.936937
36.936937
37.037037
37.037037
37.037037
37.037037
37.037037
37.137137
37.137137
37.137137
37.137137
37.137137
37.237237
37.237237
37.237237
37.237237
37.237237
37.337337
37.337337
37.337337
37.337337
37.337337
37.437437
37.437437
37.437437
37.437437
37.437437
37.537538
37.537538
37.537538
37.537538
37.537538
37.637638
37.637638
37.637638
37.637638
37.637638
37.737738
37.737738
37.737738
37.737738
37.737738
37.837838
37.837838
37.837838
37.837838
37.837838
37.937938
37.937938
37.937938
37.937938
37.937938
38.038038
38.038038
38.038038
38.038038
38.038038
38.138138
38.138138
38.138138
38.138138
38.138138
38.238238
38.238238
38.238238
38.238238
38.238238
38.338338
38.338338
38.338338
38.338338
38.338338
38.438438
38.438438
38.438438
38.438438
38.438438
38.538539
38.538539
38.538539
38.538539
38.538539
38.638639
38.638639
38.638639
38.638639
38.638639
38.738739
38.738739
38.738739
38.738739
38.738739
38.838839
38.838839
38.838839
38.838839
38.838839
38.938939
38.938939
38.938939
38.938939
38.938939
39.039039
39.039039
39.039039
39.039039
39.039039
39.139139
39.139139
39.139139
39.139139
39.139139
39.239239
39.239239
39.239239
39.239239
39.239239
39.339339
39.339339
39.339339
39.339339
39.339339
39.439439
39.439439
39.439439
39.439439
39.439439
39.539540
39.539540
39.539540
39.539540
39.539540
39.639640
39.639640
39.639640
39.639640
39.639640
39.739740
39.739740
39.739740
39.739740
39.739740
39.839840
39.839840
39.839840
39.839840
39.839840
39.939940
39.939940
39.939940
39.939940
39.939940
40.040040
40.040040
40.040040
40.040040
40.040040
40.140140
40.140140
40.140140
40.140140
40.140140
40.240240
40.240240
40.240240
40.240240
40.240240
40.340340
40.340340
40.340340
40.340340
40.340340
40.440440
40.440440
40.440440
40.440440
40.440440
40.540541
40.540541
40.540541
40.540541
40.540541
40.640641
40.640641
40.640641
40.640641
40.640641
40.740741
40.740741
40.740741
40.740741
40.740741
40.840841
40.840841
40.840841
40.840841
40.840841
40.940941
40.940941
40.940941
40.940941
40.940941
41.041041
41.041041
41.041041
41.041041
41.041041
41.141141
41.141141
41.141141
41.141141
41.141141
41.241241
41.241241
41.241241
41.241241
41.241241
41.341341
41.341341
41.341341
41.341341
41.341341
41.441441
41.441441
41.441441
41.441441
41.441441
41.541542
41.541542
41.541542
41.541542
41.541542
41.641642
41.641642
41.641642
41.641642
41.641642
41.741742
41.741742
41.741742
41.741742
41.741742
41.841842
41.841842
41.841842
41.841842
41.841842
41.941942
41.941942
41.941942
41.941942
41.941942
42.042042
42.042042
42.042042
42.042042
42.042042
42.142142
42.142142
42.142142
42.142142
42.142142
42.242242
42.242242
42.242242
42.242242
42.242242
42.342342
42.342342
42.342342
42.342342
42.342342
42.442442
42.442442
42.442442
42.442442
42.442442
42.542543
42.542543
42.542543
42.542543
42.542543
42.642643
42.642643
42.642643
42.642643
42.642643
42.742743
42.742743
42.742743
42.742743
42.742743
42.842843
42.842843
42.842843
42.842843
42.842843
42.942943
42.942943
42.942943
42.942943
42.942943
43.043043
43.043043
43.043043
43.043043
43.043043
43.143143
43.143143
43.143143
43.143143
43.143143
43.243243
43.243243
43.243243
43.243243
43.243243
43.343343
43.343343
43.343343
43.343343
43.343343
43.443443
43.443443
43.443443
43.443443
43.443443
43.543544
43.543544
43.543544
43.543544
43.543544
43.643644
43.643644
43.643644
43.643644
43.643644
43.743744
43.743744
43.743744
43.743744
43.743744
43.843844
43.843844
43.843844
43.843844
43.843844
43.943944
43.943944
43.943944
43.943944
43.943944
44.044044
44.044044
44.044044
44.044044
44.044044
44.144144
44.144144
44.144144
44.144144
44.144144
44.244244
44.244244
44.244244
44.244244
44.244244
44.344344
44.344344
44.344344
44.344344
44.344344
44.444444
44.444444
44.444444
44.444444
44.444444
44.544545
44.544545
44.544545
44.544545
44.544545
44.644645
44.644645
44.644645
44.644645
44.644645
44.744745
44.744745
44.744745
44.744745
44.744745
44.844845
44.844845
44.844845
44.844845
44.844845
44.944945
44.944945
44.944945
44.944945
44.944945
45.045045
45.045045
45.045045
45.045045
45.045045
45.145145
45.145145
45.145145
45.145145
45.145145
45.245245
45.245245
45.245245
45.245245
45.245245
45.345345
45.345345
45.345345
45.345345
45.345345
45.445445
45.445445
45.445445
45.445445
45.445445
45.545546
45.545546
45.545546
45.545546
45.545546
45.645646
45.645646
45.645646
45.645646
45.645646
45.745746
45.745746
45.745746
45.745746
45.745746
45.845846
45.845846
45.845846
45.845846
45.845846
45.945946
45.945946
45.945946
45.945946
45.945946
46.046046
46.046046
46.046046
46.046046
46.046046
46.146146
46.146146
46.146146
46.146146
46.146146
46.246246
46.246246
46.246246
46.246246
46.246246
46.346346
46.346346
46.346346
46.346346
46.346346
46.446446
46.446446
46.446446
46.446446
46.446446
46.546547
46.546547
46.546547
46.546547
46.546547
46.646647
46.646647
46.646647
46.646647
46.646647
46.746747
46.746747
46.746747
46.746747
46.746747
46.846847
46.846847
46.846847
46.846847
46.846847
46.946947
46.946947
46.946947
46.946947
46.946947
47.047047
47.047047
47.047047
47.047047
47.047047
47.147147
47.147147
47.147147
47.147147
47.147147
47.247247
47.247247
47.247247
47.247247
47.247247
47.347347
47.347347
47.347347
47.347347
47.347347
47.447447
47.447447
47.447447
47.447447
47.447447
47.547548
47.547548
47.547548
47.547548
47.547548
47.647648
47.647648
47.647648
47.647648
47.647648
47.747748
47.747748
47.747748
47.747748
47.747748
47.847848
47.847848
47.847848
47.847848
47.847848
47.947948
47.947948
47.947948
47.947948
47.947948
48.048048
48.048048
48.048048
48.048048
48.048048
48.148148
48.148148
48.148148
48.148148
48.148148
48.248248
48.248248
48.248248
48.248248
48.248248
48.348348
48.348348
48.348348
48.348348
48.348348
48.448448
48.448448
48.448448
48.448448
48.448448
48.548549
48.548549
48.548549
48.548549
48.548549
48.648649
48.648649
48.648649
48.648649
48.648649
48.748749
48.748749
48.748749
48.748749
48.748749
48.848849
48.848849
48.848849
48.848849
48.848849
48.948949
48.948949
48.948949
48.948949
48.948949
49.049049
49.049049
49.049049
49.049049
49.049049
49.149149
49.149149
49.149149
49.149149
49.149149
49.249249
49.249249
49.249249
49.249249
49.249249
49.349349
49.349349
49.349349
49.349349
49.349349
49.449449
49.449449
49.449449
49.449449
49.449449
49.549550
49.549550
49.549550
49.549550
49.549550
49.649650
49.649650
49.649650
49.649650
49.649650
49.749750
49.749750
49.749750
49.749750
49.749750
49.849850
49.849850
49.849850
49.849850
49.849850
49.949950
49.949950
49.949950
49.949950
49.949950
50.050050
50.050050
50.050050
50.050050
50.050050
50.150150
50.150150
50.150150
50.150150
50.150150
50.250250
50.250250
50.250250
50.250250
50.250250
50.350350
50.350350
50.350350
50.350350
50.350350
50.450450
50.450450
50.450450
50.450450
50.450450
50.550551
50.550551
50.550551
50.550551
50.550551
50.650651
50.650651
50.650651
50.650651
50.650651
50.750751
50.750751
50.750751
50.750751
50.750751
50.850851
50.850851
50.850851
50.850851
50.850851
50.950951
50.950951
50.950951
50.950951
50.950951
51.051051
51.051051
51.051051
51.051051
51.051051
51.151151
51.151151
51.151151
51.151151
51.151151
51.251251
51.251251
51.251251
51.251251
51.251251
51.351351
51.351351
51.351351
51.351351
51.351351
51.451451
51.451451
51.451451
51.451451
51.451451
51.551552
51.551552
51.551552
51.551552
51.551552
51.651652
51.651652
51.651652
51.651652
51.651652
51.751752
51.751752
51.751752
51.751752
51.751752
51.851852
51.851852
51.851852
51.851852
51.851852
51.951952
51.951952
51.951952
51.951952
51.951952
52.052052
52.052052
52.052052
52.052052
52.052052
52.152152
52.152152
52.152152
52.152152
52.152152
52.252252
52.252252
52.252252
52.252252
52.252252
52.352352
52.352352
52.352352
52.352352
52.352352
52.452452
52.452452
52.452452
52.452452
52.452452
52.552553
52.552553
52.552553
52.552553
52.552553
52.652653
52.652653
52.652653
52.652653
52.652653
52.752753
52.752753
52.752753
52.752753
52.752753
52.852853
52.852853
52.852853
52.852853
52.852853
52.952953
52.952953
52.952953
52.952953
52.952953
53.053053
53.053053
53.053053
53.053053
53.053053
53.153153
53.153153
53.153153
53.153153
53.153153
53.253253
53.253253
53.253253
53.253253
53.253253
53.353353
53.353353
53.353353
53.353353
53.353353
53.453453
53.453453
53.453453
53.453453
53.453453
53.553554
53.553554
53.553554
53.553554
53.553554
53.653654
53.653654
53.653654
53.653654
53.653654
53.753754
53.753754
53.753754
53.753754
53.753754
53.853854
53.853854
53.853854
53.853854
53.853854
53.953954
53.953954
53.953954
53.953954
53.953954
54.054054
54.054054
54.054054
54.054054
54.054054
54.154154
54.154154
54.154154
54.154154
54.154154
54.254254
54.254254
54.254254
54.254254
54.254254
54.354354
54.354354
54.354354
54.354354
54.354354
54.454454
54.454454
54.454454
54.454454
54.454454
54.554555
54.554555
54.554555
54.554555
54.554555
54.654655
54.654655
54.654655
54.654655
54.654655
54.754755
54.754755
54.754755
54.754755
54.754755
54.854855
54.854855
54.854855
54.854855
54.854855
54.954955
54.954955
54.954955
54.954955
54.954955
55.055055
55.055055
55.055055
55.055055
55.055055
55.155155
55.155155
55.155155
55.155155
55.155155
55.255255
55.255255
55.255255
55.255255
55.255255
55.355355
55.355355
55.355355
55.355355
55.355355
55.455455
55.455455
55.455455
55.455455
55.455455
55.555556
55.555556
55.555556
55.555556
55.555556
55.655656
55.655656
55.655656
55.655656
55.655656
55.755756
55.755756
55.755756
55.755756
55.755756
55.855856
55.855856
55.855856
55.855856
55.855856
55.955956
55.955956
55.955956
55.955956
55.955956
56.056056
56.056056
56.056056
56.056056
56.056056
56.156156
56.156156
56.156156
56.156156
56.156156
56.256256
56.256256
56.256256
56.256256
56.256256
56.356356
56.356356
56.356356
56.356356
56.356356
56.456456
56.456456
56.456456
56.456456
56.456456
56.556557
56.556557
56.556557
56.556557
56.556557
56.656657
56.656657
56.656657
56.656657
56.656657
56.756757
56.756757
56.756757
56.756757
56.756757
56.856857
56.856857
56.856857
56.856857
56.856857
56.956957
56.956957
56.956957
56.956957
56.956957
57.057057
57.057057
57.057057
57.057057
57.057057
57.157157
57.157157
57.157157
57.157157
57.157157
57.257257
57.257257
57.257257
57.257257
57.257257
57.357357
57.357357
57.357357
57.357357
57.357357
57.457457
57.457457
57.457457
57.457457
57.457457
57.557558
57.557558
57.557558
57.557558
57.557558
57.657658
57.657658
57.657658
57.657658
57.657658
57.757758
57.757758
57.757758
57.757758
57.757758
57.857858
57.857858
57.857858
57.857858
57.857858
57.957958
57.957958
57.957958
57.957958
57.957958
58.058058
58.058058
58.058058
58.058058
58.058058
58.158158
58.158158
58.158158
58.158158
58.158158
58.258258
58.258258
58.258258
58.258258
58.258258
58.358358
58.358358
58.358358
58.358358
58.358358
58.458458
58.458458
58.458458
58.458458
58.458458
58.558559
58.558559
58.558559
58.558559
58.558559
58.658659
58.658659
58.658659
58.658659
58.658659
58.758759
58.758759
58.758759
58.758759
58.758759
58.858859
58.858859
58.858859
58.858859
58.858859
58.958959
58.958959
58.958959
58.958959
58.958959
59.059059
59.059059
59.059059
59.059059
59.059059
59.159159
59.159159
59.159159
59.159159
59.159159
59.259259
59.259259
59.259259
59.259259
59.259259
59.359359
59.359359
59.359359
59.359359
59.359359
59.459459
59.459459
59.459459
59.459459
59.459459
59.559560
59.559560
59.559560
59.559560
59.559560
59.659660
59.659660
59.659660
59.659660
59.659660
59.759760
59.759760
59.759760
59.759760
59.759760
59.859860
59.859860
59.859860
59.859860
59.859860
59.959960
59.959960
59.959960
59.959960
59.959960
60.060060
60.060060
60.060060
60.060060
60.060060
60.160160
60.160160
60.160160
60.160160
60.160160
60.260260
60.260260
60.260260
60.260260
60.260260
60.360360
60.360360
60.360360
60.360360
60.360360
60.460460
60.460460
60.460460
60.460460
60.460460
60.560561
60.560561
60.560561
60.560561
60.560561
60.660661
60.660661
60.660661
60.660661
60.660661
60.760761
60.760761
60.760761
60.760761
60.760761
60.860861
60.860861
60.860861
60.860861
60.860861
60.960961
60.960961
60.960961
60.960961
60.960961
61.061061
61.061061
61.061061
61.061061
61.061061
61.161161
61.161161
61.161161
61.161161
61.161161
61.261261
61.261261
61.261261
61.261261
61.261261
61.361361
61.361361
61.361361
61.361361
61.361361
61.461461
61.461461
61.461461
61.461461
61.461461
61.561562
61.561562
61.561562
61.561562
61.561562
61.661662
61.661662
61.661662
61.661662
61.661662
61.761762
61.761762
61.761762
61.761762
61.761762
61.861862
61.861862
61.861862
61.861862
61.861862
61.961962
61.961962
61.961962
61.961962
61.961962
62.062062
62.062062
62.062062
62.062062
62.062062
62.162162
62.162162
62.162162
62.162162
62.162162
62.262262
62.262262
62.262262
62.262262
62.262262
62.362362
62.362362
62.362362
62.362362
62.362362
62.462462
62.462462
62.462462
62.462462
62.462462
62.562563
62.562563
62.562563
62.562563
62.562563
62.662663
62.662663
62.662663
62.662663
62.662663
62.762763
62.762763
62.762763
62.762763
62.762763
62.862863
62.862863
62.862863
62.862863
62.862863
62.962963
62.962963
62.962963
62.962963
62.962963
63.063063
63.063063
63.063063
63.063063
63.063063
63.163163
63.163163
63.163163
63.163163
63.163163
63.263263
63.263263
63.263263
63.263263
63.263263
63.363363
63.363363
63.363363
63.363363
63.363363
63.463463
63.463463
63.463463
63.463463
63.463463
63.563564
63.563564
63.563564
63.563564
63.563564
63.663664
63.663664
63.663664
63.663664
63.663664
63.763764
63.763764
63.763764
63.763764
63.763764
63.863864
63.863864
63.863864
63.863864
63.863864
63.963964
63.963964
63.963964
63.963964
63.963964
64.064064
64.064064
64.064064
64.064064
64.064064
64.164164
64.164164
64.164164
64.164164
64.164164
64.264264
64.264264
64.264264
64.264264
64.264264
64.364364
64.364364
64.364364
64.364364
64.364364
64.464464
64.464464
64.464464
64.464464
64.464464
64.564565
64.564565
64.564565
64.564565
64.564565
64.664665
64.664665
64.664665
64.664665
64.664665
64.764765
64.764765
64.764765
64.764765
64.764765
64.864865
64.864865
64.864865
64.864865
64.864865
64.964965
64.964965
64.964965
64.964965
64.964965
65.065065
65.065065
65.065065
65.065065
65.065065
65.165165
65.165165
65.165165
65.165165
65.165165
65.265265
65.265265
65.265265
65.265265
65.265265
65.365365
65.365365
65.365365
65.365365
65.365365
65.465465
65.465465
65.465465
65.465465
65.465465
65.565566
65.565566
65.565566
65.565566
65.565566
65.665666
65.665666
65.665666
65.665666
65.665666
65.765766
65.765766
65.765766
65.765766
65.765766
65.865866
65.865866
65.865866
65.865866
65.865866
65.965966
65.965966
65.965966
65.965966
65.965966
66.066066
66.066066
66.066066
66.066066
66.066066
66.166166
66.166166
66.166166
66.166166
66.166166
66.266266
66.266266
66.266266
66.266266
66.266266
66.366366
66.366366
66.366366
66.366366
66.366366
66.466466
66.466466
66.466466
66.466466
66.466466
66.566567
66.566567
66.566567
66.566567
66.566567
66.666667
66.666667
66.666667
66.666667
66.666667
66.766767
66.766767
66.766767
66.766767
66.766767
66.866867
66.866867
66.866867
66.866867
66.866867
66.966967
66.966967
66.966967
66.966967
66.966967
67.067067
67.067067
67.067067
67.067067
67.067067
67.167167
67.167167
67.167167
67.167167
67.167167
67.267267
67.267267
67.267267
67.267267
67.267267
67.367367
67.367367
67.367367
67.367367
67.367367
67.467467
67.467467
67.467467
67.467467
67.467467
67.567568
67.567568
67.567568
67.567568
67.567568
67.667668
67.667668
67.667668
67.667668
67.667668
67.767768
67.767768
67.767768
67.767768
67.767768
67.867868
67.867868
67.867868
67.867868
67.867868
67.967968
67.967968
67.967968
67.967968
67.967968
68.068068
68.068068
68.068068
68.068068
68.068068
68.168168
68.168168
68.168168
68.168168
68.168168
68.268268
68.268268
68.268268
68.268268
68.268268
68.368368
68.368368
68.368368
68.368368
68.368368
68.468468
68.468468
68.468468
68.468468
68.468468
68.568569
68.568569
68.568569
68.568569
68.568569
68.668669
68.668669
68.668669
68.668669
68.668669
68.768769
68.768769
68.768769
68.768769
68.768769
68.868869
68.868869
68.868869
68.868869
68.868869
68.968969
68.968969
68.968969
68.968969
68.968969
69.069069
69.069069
69.069069
69.069069
69.069069
69.169169
69.169169
69.169169
69.169169
69.169169
69.269269
69.269269
69.269269
69.269269
69.269269
69.369369
69.369369
69.369369
69.369369
69.369369
69.469469
69.469469
69.469469
69.469469
69.469469
69.569570
69.569570
69.569570
69.569570
69.569570
69.669670
69.669670
69.669670
69.669670
69.669670
69.769770
69.769770
69.769770
69.769770
69.769770
69.869870
69.869870
69.869870
69.869870
69.869870
69.969970
69.969970
69.969970
69.969970
69.969970
70.070070
70.070070
70.070070
70.070070
70.070070
70.170170
70.170170
70.170170
70.170170
70.170170
70.270270
70.270270
70.270270
70.270270
70.270270
70.370370
70.370370
70.370370
70.370370
70.370370
70.470470
70.470470
70.470470
70.470470
70.470470
70.570571
70.570571
70.570571
70.570571
70.570571
70.670671
70.670671
70.670671
70.670671
70.670671
70.770771
70.770771
70.770771
70.770771
70.770771
70.870871
70.870871
70.870871
70.870871
70.870871
70.970971
70.970971
70.970971
70.970971
70.970971
71.071071
71.071071
71.071071
71.071071
71.071071
71.171171
71.171171
71.171171
71.171171
71.171171
71.271271
71.271271
71.271271
71.271271
71.271271
71.371371
71.371371
71.371371
71.371371
71.371371
71.471471
71.471471
71.471471
71.471471
71.471471
71.571572
71.571572
71.571572
71.571572
71.571572
71.671672
71.671672
71.671672
71.671672
71.671672
71.771772
71.771772
71.771772
71.771772
71.771772
71.871872
71.871872
71.871872
71.871872
71.871872
71.971972
71.971972
71.971972
71.971972
71.971972
72.072072
72.072072
72.072072
72.072072
72.072072
72.172172
72.172172
72.172172
72.172172
72.172172
72.272272
72.272272
72.272272
72.272272
72.272272
72.372372
72.372372
72.372372
72.372372
72.372372
72.472472
72.472472
72.472472
72.472472
72.472472
72.572573
72.572573
72.572573
72.572573
72.572573
72.672673
72.672673
72.672673
72.672673
72.672673
72.772773
72.772773
72.772773
72.772773
72.772773
72.872873
72.872873
72.872873
72.872873
72.872873
72.972973
72.972973
72.972973
72.972973
72.972973
73.073073
73.073073
73.073073
73.073073
73.073073
73.173173
73.173173
73.173173
73.173173
73.173173
73.273273
73.273273
73.273273
73.273273
73.273273
73.373373
73.373373
73.373373
73.373373
73.373373
73.473473
73.473473
73.473473
73.473473
73.473473
73.573574
73.573574
73.573574
73.573574
73.573574
73.673674
73.673674
73.673674
73.673674
73.673674
73.773774
73.773774
73.773774
73.773774
73.773774
73.873874
73.873874
73.873874
73.873874
73.873874
73.973974
73.973974
73.973974
73.973974
73.973974
74.074074
74.074074
74.074074
74.074074
74.074074
74.174174
74.174174
74.174174
74.174174
74.174174
74.274274
74.274274
74.274274
74.274274
74.274274
74.374374
74.374374
74.374374
74.374374
74.374374
74.474474
74.474474
74.474474
74.474474
74.474474
74.574575
74.574575
74.574575
74.574575
74.574575
74.674675
74.674675
74.674675
74.674675
74.674675
74.774775
74.774775
74.774775
74.774775
74.774775
74.874875
74.874875
74.874875
74.874875
74.874875
74.974975
74.974975
74.974975
74.974975
74.974975
75.075075
75.075075
75.075075
75.075075
75.075075
75.175175
75.175175
75.175175
75.175175
75.175175
75.275275
75.275275
75.275275
75.275275
75.275275
75.375375
75.375375
75.375375
75.375375
75.375375
75.475475
75.475475
75.475475
75.475475
75.475475
75.575576
75.575576
75.575576
75.575576
75.575576
75.675676
75.675676
75.675676
75.675676
75.675676
75.775776
75.775776
75.775776
75.775776
75.775776
75.875876
75.875876
75.875876
75.875876
75.875876
75.975976
75.975976
75.975976
75.975976
75.975976
76.076076
76.076076
76.076076
76.076076
76.076076
76.176176
76.176176
76.176176
76.176176
76.176176
76.276276
76.276276
76.276276
76.276276
76.276276
76.376376
76.376376
76.376376
76.376376
76.376376
76.476476
76.476476
76.476476
76.476476
76.476476
76.576577
76.576577
76.576577
76.576577
76.576577
76.676677
76.676677
76.676677
76.676677
76.676677
76.776777
76.776777
76.776777
76.776777
76.776777
76.876877
76.876877
76.876877
76.876877
76.876877
76.976977
76.976977
76.976977
76.976977
76.976977
77.077077
77.077077
77.077077
77.077077
77.077077
77.177177
77.177177
77.177177
77.177177
77.177177
77.277277
77.277277
77.277277
77.277277
77.277277
77.377377
77.377377
77.377377
77.377377
77.377377
77.477477
77.477477
77.477477
77.477477
77.477477
77.577578
77.577578
77.577578
77.577578
77.577578
77.677678
77.677678
77.677678
77.677678
77.677678
77.777778
77.777778
77.777778
77.777778
77.777778
77.877878
77.877878
77.877878
77.877878
77.877878
77.977978
77.977978
77.977978
77.977978
77.977978
78.078078
78.078078
78.078078
78.078078
78.078078
78.178178
78.178178
78.178178
78.178178
78.178178
78.278278
78.278278
78.278278
78.278278
78.278278
78.378378
78.378378
78.378378
78.378378
78.378378
78.478478
78.478478
78.478478
78.478478
78.478478
78.578579
78.578579
78.578579
78.578579
78.578579
78.678679
78.678679
78.678679
78.678679
78.678679
78.778779
78.778779
78.778779
78.778779
78.778779
78.878879
78.878879
78.878879
78.878879
78.878879
78.978979
78.978979
78.978979
78.978979
78.978979
79.079079
79.079079
79.079079
79.079079
79.079079
79.179179
79.179179
79.179179
79.179179
79.179179
79.279279
79.279279
79.279279
79.279279
79.279279
79.379379
79.379379
79.379379
79.379379
79.379379
79.479479
79.479479
79.479479
79.479479
79.479479
79.579580
79.579580
79.579580
79.579580
79.579580
79.679680
79.679680
79.679680
79.679680
79.679680
79.779780
79.779780
79.779780
79.779780
79.779780
79.879880
79.879880
79.879880
79.879880
79.879880
79.979980
79.979980
79.979980
79.979980
79.979980
80.080080
80.080080
80.080080
80.080080
80.080080
80.180180
80.180180
80.180180
80.180180
80.180180
80.280280
80.280280
80.280280
80.280280
80.280280
80.380380
80.380380
80.380380
80.380380
80.380380
80.480480
80.480480
80.480480
80.480480
80.480480
80.580581
80.580581
80.580581
80.580581
80.580581
80.680681
80.680681
80.680681
80.680681
80.680681
80.780781
80.780781
80.780781
80.780781
80.780781
80.880881
80.880881
80.880881
80.880881
80.880881
80.980981
80.980981
80.980981
80.980981
80.980981
81.081081
81.081081
81.081081
81.081081
81.081081
81.181181
81.181181
81.181181
81.181181
81.181181
81.281281
81.281281
81.281281
81.281281
81.281281
81.381381
81.381381
81.381381
81.381381
81.381381
81.481481
81.481481
81.481481
81.481481
81.481481
81.581582
81.581582
81.581582
81.581582
81.581582
81.681682
81.681682
81.681682
81.681682
81.681682
81.781782
81.781782
81.781782
81.781782
81.781782
81.881882
81.881882
81.881882
81.881882
81.881882
81.981982
81.981982
81.981982
81.981982
81.981982
82.082082
82.082082
82.082082
82.082082
82.082082
82.182182
82.182182
82.182182
82.182182
82.182182
82.282282
82.282282
82.282282
82.282282
82.282282
82.382382
82.382382
82.382382
82.382382
82.382382
82.482482
82.482482
82.482482
82.482482
82.482482
82.582583
82.582583
82.582583
82.582583
82.582583
82.682683
82.682683
82.682683
82.682683
82.682683
82.782783
82.782783
82.782783
82.782783
82.782783
82.882883
82.882883
82.882883
82.882883
82.882883
82.982983
82.982983
82.982983
82.982983
82.982983
83.083083
83.083083
83.083083
83.083083
83.083083
83.183183
83.183183
83.183183
83.183183
83.183183
83.283283
83.283283
83.283283
83.283283
83.283283
83.383383
83.383383
83.383383
83.383383
83.383383
83.483483
83.483483
83.483483
83.483483
83.483483
83.583584
83.583584
83.583584
83.583584
83.583584
83.683684
83.683684
83.683684
83.683684
83.683684
83.783784
83.783784
83.783784
83.783784
83.783784
83.883884
83.883884
83.883884
83.883884
83.883884
83.983984
83.983984
83.983984
83.983984
83.983984
84.084084
84.084084
84.084084
84.084084
84.084084
84.184184
84.184184
84.184184
84.184184
84.184184
84.284284
84.284284
84.284284
84.284284
84.284284
84.384384
84.384384
84.384384
84.384384
84.384384
84.484484
84.484484
84.484484
84.484484
84.484484
84.584585
84.584585
84.584585
84.584585
84.584585
84.684685
84.684685
84.684685
84.684685
84.684685
84.784785
84.784785
84.784785
84.784785
84.784785
84.884885
84.884885
84.884885
84.884885
84.884885
84.984985
84.984985
84.984985
84.984985
84.984985
85.085085
85.085085
85.085085
85.085085
85.085085
85.185185
85.185185
85.185185
85.185185
85.185185
85.285285
85.285285
85.285285
85.285285
85.285285
85.385385
85.385385
85.385385
85.385385
85.385385
85.485485
85.485485
85.485485
85.485485
85.485485
85.585586
85.585586
85.585586
85.585586
85.585586
85.685686
85.685686
85.685686
85.685686
85.685686
85.785786
85.785786
85.785786
85.785786
85.785786
85.885886
85.885886
85.885886
85.885886
85.885886
85.985986
85.985986
85.985986
85.985986
85.985986
86.086086
86.086086
86.086086
86.086086
86.086086
86.186186
86.186186
86.186186
86.186186
86.186186
86.286286
86.286286
86.286286
86.286286
86.286286
86.386386
86.386386
86.386386
86.386386
86.386386
86.486486
86.486486
86.486486
86.486486
86.486486
86.586587
86.586587
86.586587
86.586587
86.586587
86.686687
86.686687
86.686687
86.686687
86.686687
86.786787
86.786787
86.786787
86.786787
86.786787
86.886887
86.886887
86.886887
86.886887
86.886887
86.986987
86.986987
86.986987
86.986987
86.986987
87.087087
87.087087
87.087087
87.087087
87.087087
87.187187
87.187187
87.187187
87.187187
87.187187
87.287287
87.287287
87.287287
87.287287
87.287287
87.387387
87.387387
87.387387
87.387387
87.387387
87.487487
87.487487
87.487487
87.487487
87.487487
87.587588
87.587588
87.587588
87.587588
87.587588
87.687688
87.687688
87.687688
87.687688
87.687688
87.787788
87.787788
87.787788
87.787788
87.787788
87.887888
87.887888
87.887888
87.887888
87.887888
87.987988
87.987988
87.987988
87.987988
87.987988
88.088088
88.088088
88.088088
88.088088
88.088088
88.188188
88.188188
88.188188
88.188188
88.188188
88.288288
88.288288
88.288288
88.288288
88.288288
88.388388
88.388388
88.388388
88.388388
88.388388
88.488488
88.488488
88.488488
88.488488
88.488488
88.588589
88.588589
88.588589
88.588589
88.588589
88.688689
88.688689
88.688689
88.688689
88.688689
88.788789
88.788789
88.788789
88.788789
88.788789
88.888889
88.888889
88.888889
88.888889
88.888889
88.988989
88.988989
88.988989
88.988989
88.988989
89.089089
89.089089
89.089089
89.089089
89.089089
89.189189
89.189189
89.189189
89.189189
89.189189
89.289289
89.289289
89.289289
89.289289
89.289289
89.389389
89.389389
89.389389
89.389389
89.389389
89.489489
89.489489
89.489489
89.489489
89.489489
89.589590
89.589590
89.589590
89.589590
89.589590
89.689690
89.689690
89.689690
89.689690
89.689690
89.789790
89.789790
89.789790
89.789790
89.789790
89.889890
89.889890
89.889890
89.889890
89.889890
89.989990
89.989990
89.989990
89.989990
89.989990
90.090090
90.090090
90.090090
90.090090
90.090090
90.190190
90.190190
90.190190
90.190190
90.190190
90.290290
90.290290
90.290290
90.290290
90.290290
90.390390
90.390390
90.390390
90.390390
90.390390
90.490490
90.490490
90.490490
90.490490
90.490490
90.590591
90.590591
90.590591
90.590591
90.590591
90.690691
90.690691
90.690691
90.690691
90.690691
90.790791
90.790791
90.790791
90.790791
90.790791
90.890891
90.890891
90.890891
90.890891
90.890891
90.990991
90.990991
90.990991
90.990991
90.990991
91.091091
91.091091
91.091091
91.091091
91.091091
91.191191
91.191191
91.191191
91.191191
91.191191
91.291291
91.291291
91.291291
91.291291
91.291291
91.391391
91.391391
91.391391
91.391391
91.391391
91.491491
91.491491
91.491491
91.491491
91.491491
91.591592
91.591592
91.591592
91.591592
91.591592
91.691692
91.691692
91.691692
91.691692
91.691692
91.791792
91.791792
91.791792
91.791792
91.791792
91.891892
91.891892
91.891892
91.891892
91.891892
91.991992
91.991992
91.991992
91.991992
91.991992
92.092092
92.092092
92.092092
92.092092
92.092092
92.192192
92.192192
92.192192
92.192192
92.192192
92.292292
92.292292
92.292292
92.292292
92.292292
92.392392
92.392392
92.392392
92.392392
92.392392
92.492492
92.492492
92.492492
92.492492
92.492492
92.592593
92.592593
92.592593
92.592593
92.592593
92.692693
92.692693
92.692693
92.692693
92.692693
92.792793
92.792793
92.792793
92.792793
92.792793
92.892893
92.892893
92.892893
92.892893
92.892893
92.992993
92.992993
92.992993
92.992993
92.992993
93.093093
93.093093
93.093093
93.093093
93.093093
93.193193
93.193193
93.193193
93.193193
93.193193
93.293293
93.293293
93.293293
93.293293
93.293293
93.393393
93.393393
93.393393
93.393393
93.393393
93.493493
93.493493
93.493493
93.493493
93.493493
93.593594
93.593594
93.593594
93.593594
93.593594
93.693694
93.693694
93.693694
93.693694
93.693694
93.793794
93.793794
93.793794
93.793794
93.793794
93.893894
93.893894
93.893894
93.893894
93.893894
93.993994
93.993994
93.993994
93.993994
93.993994
94.094094
94.094094
94.094094
94.094094
94.094094
94.194194
94.194194
94.194194
94.194194
94.194194
94.294294
94.294294
94.294294
94.294294
94.294294
94.394394
94.394394
94.394394
94.394394
94.394394
94.494494
94.494494
94.494494
94.494494
94.494494
94.594595
94.594595
94.594595
94.594595
94.594595
94.694695
94.694695
94.694695
94.694695
94.694695
94.794795
94.794795
94.794795
94.794795
94.794795
94.894895
94.894895
94.894895
94.894895
94.894895
94.994995
94.994995
94.994995
94.994995
94.994995
95.095095
95.095095
95.095095
95.095095
95.095095
95.195195
95.195195
95.195195
95.195195
95.195195
95.295295
95.295295
95.295295
95.295295
95.295295
95.395395
95.395395
95.395395
95.395395
95.395395
95.495495
95.495495
95.495495
95.495495
95.495495
95.595596
95.595596
95.595596
95.595596
95.595596
95.695696
95.695696
95.695696
95.695696
95.695696
95.795796
95.795796
95.795796
95.795796
95.795796
95.895896
95.895896
95.895896
95.895896
95.895896
95.995996
95.995996
95.995996
95.995996
95.995996
96.096096
96.096096
96.096096
96.096096
96.096096
96.196196
96.196196
96.196196
96.196196
96.196196
96.296296
96.296296
96.296296
96.296296
96.296296
96.396396
96.396396
96.396396
96.396396
96.396396
96.496496
96.496496
96.496496
96.496496
96.496496
96.596597
96.596597
96.596597
96.596597
96.596597
96.696697
96.696697
96.696697
96.696697
96.696697
96.796797
96.796797
96.796797
96.796797
96.796797
96.896897
96.896897
96.896897
96.896897
96.896897
96.996997
96.996997
96.996997
96.996997
96.996997
97.097097
97.097097
97.097097
97.097097
97.097097
97.197197
97.197197
97.197197
97.197197
97.197197
97.297297
97.297297
97.297297
97.297297
97.297297
97.397397
97.397397
97.397397
97.397397
97.397397
97.497497
97.497497
97.497497
97.497497
97.497497
97.597598
97.597598
97.597598
97.597598
97.597598
97.697698
97.697698
97.697698
97.697698
97.697698
97.797798
97.797798
97.797798
97.797798
97.797798
97.897898
97.897898
97.897898
97.897898
97.897898
97.997998
97.997998
97.997998
97.997998
97.997998
98.098098
98.098098
98.098098
98.098098
98.098098
98.198198
98.198198
98.198198
98.198198
98.198198
98.298298
98.298298
98.298298
98.298298
98.298298
98.398398
98.398398
98.398398
98.398398
98.398398
98.498498
98.498498
98.498498
98.498498
98.498498
98.598599
98.598599
98.598599
98.598599
98.598599
98.698699
98.698699
98.698699
98.698699
98.698699
98.798799
98.798799
98.798799
98.798799
98.798799
98.898899
98.898899
98.898899
98.898899
98.898899
98.998999
98.998999
98.998999
98.998999
98.998999
99.099099
99.099099
99.099099
99.099099
99.099099
99.199199
99.199199
99.199199
99.199199
99.199199
99.299299
99.299299
99.299299
99.299299
99.299299
99.399399
99.399399
99.399399
99.399399
99.399399
99.499499
99.499499
99.499499
99.499499
99.499499
99.599600
99.599600
99.599600
99.599600
99.599600
99.699700
99.699700
99.699700
99.699700
99.699700
99.799800
99.799800
99.799800
99.799800
99.799800
99.899900
99.899900
99.899900
99.899900
99.899900
100.000000
100.000000
100.000000
100.000000
100.000000
